race_id
201605021201
201605021202
201605021203
201605021204
201605021205
201605021206
201605021207
201605021208
201605021209
201605021210
201605021211
201605021212
201608031201
201608031202
201608031203
201608031204
201608031205
201608031206
201608031207
201608031208
201608031209
201608031210
201608031211
201608031212
